1, 2,      30
2, 1,      30
2, 3,      30
3, 2,      30
3, 5,      40
5, 8,      40
8, 11,     40
11, 14,    40
14, 18,    40
14, 15,    40
15, 18,    40
18, 15,    40
15, 13,    35
13, 15,    35
18, 25,    40
25, 40,    40
40, 50,    40
50, 51,    40
51, 53,    40
53, 54,    30
54, 56,    40
56, 54,    40
56, 55,    35
55, 56,    35
55, 57,    40
57, 55,    40
57, 58,    40
58, 57,    40
58, 52,    35
52, 58,    35
54, 49,    40
49, 47,    40
47, 48,    40
48, 46,    40
46, 37,    30
37, 24,    30
24, 21,    25
21, 20,    30
20, 16,    30
16, 9,     30
9, 6,      30
6, 2,      30
8, 9,      20
9, 8,      20
11, 16,    20
16, 11,    20
18, 21,    10
21, 18,    20
24, 25,    20
25, 24,    20
40, 37,    20
37, 40,    20
51, 48,    20
48, 51,    20
1, 4,      40
4, 1,      40
4, 12,     40
12, 4,     40
12, 23,    40
23, 12,    40
23, 27,    30
27, 23,    30
27, 31,    30
31, 27,    30
31, 42,    40
42, 31,    40
42, 52,    40
52, 42,    40
1, 7,      35
7, 1,      35
7, 10,     35
10, 7,     35
10, 19,    35
19, 10,    35
19, 29,    35
29, 19,    35
29, 41,    35
41, 29,    35
41, 44,    30
44, 41,    30
44, 52,    30
52, 44,    30
12, 17,    25
17, 12,    25
17, 19,    25
19, 17,    25
17, 28,    30
28, 17,    30
28, 36,    30
36, 28,    30
36, 44,    30
44, 36,    30
44, 42,    25
42, 44,    25
36, 31,    30
31, 36,    30
28, 29,    25
29, 28,    25
7, 4,      25
4, 7,      25
6, 7,      25
7, 6,      25
9, 10,     25
10, 9,     25
16, 22,    20
22, 16,    20
22, 32,    20
32, 22,    20
22, 33,    20
33, 22,    20
32, 35,    20
35, 32,    20
33, 38,    20
38, 33,    20
38, 43,    20
43, 38,    20
43, 41,    25
41, 43,    25
43, 49,    20
49, 43,    20
34, 39,    20
39, 34,    20
20, 26,    20
26, 20,    20
26, 32,    20
32, 26,    20
32, 33,    25
33, 32,    25
33, 34,    25
34, 33,    25
29, 34,    20
34, 29,    20
26, 30,    20
30, 26,    20
30, 35,    25
35, 30,    25
35, 38,    20
38, 35,    20
38, 39,    20
39, 38,    20
39, 41,    20
41, 39,    20
41, 43,    25
43, 41,    25
43, 30,    25
30, 43,    25
43, 48,    25
48, 43,    25
48, 45,    20
45, 48,    20
46, 45,    20
45, 46,    20
45, 30,    25
30, 45,    25
30, 21,    25
21, 30,    25
