 1,   7.8,   9.4
 2,   7.1,   9.2
 3,   6.55,  9
 4,   9.1,   8.1
 5,   7.1,   8
 6,   7.5,   8
 7,   8.35,  7.8
 8,   7.1,   7.2
 9,   7.5,   7.2
10,   8.6,   7.15
11,   6.4,   6.5
12,   10.5,  6.4
13,   2.5,   6.25
14,   5,     6.25
15,   4,     6.2
16,   6.5,   6.2
17,   9.7,   6.2
18,   4.3,   6
19,   9,     5.9
20,   5.2,   5.85
21,   4.55,  5.7
22,   6.8,   5.6
23,   11.3,  5.5
24,   4.4,   5.2
25,   3.9,   5.1
26,   5.6,   5.1
27,   11,    5
28,   10.2,  4.9
29,   9.3,   4.7
30,   5.6,   4.6
31,   11.6,  4.6
32,   6.7,   4.5
33,   7.7,   4.5
34,   8.5,   4.4
35,   6.8,   4.2
36,   10.4,  4.1
37,   5,     4
38,   7.9,   3.8
39,   8.6,   3.8
40,   4.7,   3.6
41,   10,    3.4
42,   12,    3.1
43,   7.8,   3
44,   11,    2.8
45,   7,     2.6
46,   6.6,   2.3
47,   8,     2.25
48,   7.4,   2.2
49,   8.5,   2
50,   6.5,   1.9
51,   7.3,   1.7
52,   12.4,  1.65
53,   8.4,   1.25
54,   9,     1.2
55,   9.9,   0.8
56,   9.6,   0.5
57,   10.7,  0.3
58,   11.7,  0.3
